0000001800
0000002230
0000002488
0000002969
0000003570
0000004127
0000004281
0000004457
0000004904
0000004977
0000005094
0000005272
0000005513
0000006176
0000006201
0000006281
0000006951
0000007084
0000007536
0000007789
0000008146
0000008670
0000009389
0000010456
0000010795
0000012208
0000012659
0000012927
0000014272
0000014693
0000014930
0000016732
0000016859
0000016868
0000016875
0000016918
0000017843
0000018230
0000020212
0000021175
0000021665
0000022444
0000022701
0000023194
0000023197
0000024090
0000024545
0000024741
0000025445
0000025475
0000025743
0000026172
0000026324
0000027419
0000027904
0000028412
0000028823
0000029002
0000029534
0000029905
0000031107
0000031462
0000031791
0000032604
0000033002
0000033185
0000033213
0000034088
0000034903
0000034956
0000037472
0000037996
0000038777
0000039092
0000040533
0000040545
0000040704
0000040729
0000042582
0000043196
0000045012
0000046080
0000046195
0000046250
0000047217
0000049071
0000049196
0000049826
0000050863
0000051143
0000051434
0000055785
0000056701
0000056978
0000059255
0000059478
0000062362
0000064040
0000064803
0000064996
0000065270
0000065770
0000065984
0000066382
0000066418
0000067215
0000067347
0000070858
0000072903
0000072971
0000073124
0000074046
0000075362
0000075677
0000076334
0000077476
0000078003
0000082473
0000082811
0000084246
0000084748
0000086312
0000087050
0000087347
0000088941
0000088948
0000089800
0000090498
0000092122
0000092230
0000092380
0000093410
0000093556
0000093751
0000094049
0000096021
0000096869
0000097134
0000097210
0000097745
0000098677
0000100517
0000100885
0000101829
0000102037
0000102109
0000104169
0000104889
0000104894
0000105132
0000105744
0000106040
0000106535
0000107263
0000108385
0000108516
0000109198
0000109657
0000215466
0000277135
0000277948
0000278166
0000310764
0000311094
0000311337
0000313616
0000315189
0000315213
0000315852
0000316709
0000318154
0000318833
0000319201
0000320017
0000320193
0000352825
0000353184
0000354190
0000354950
0000355948
0000700564
0000700841
0000700923
0000701347
0000701818
0000701985
0000707549
0000711377
0000712515
0000712771
0000715579
0000715957
0000716314
0000716634
0000718332
0000719135
0000719220
0000719413
0000719955
0000720154
0000720500
0000721371
0000722313
0000723125
0000723188
0000723254
0000723531
0000723612
0000723646
0000726601
0000726958
0000730263
0000731766
0000732712
0000732717
0000733099
0000733590
0000736012
0000738214
0000739421
0000740664
0000744825
0000745732
0000746210
0000748592
0000751978
0000753308
0000756894
0000759944
0000764180
0000764478
0000765207
0000766704
0000766792
0000768899
0000769218
0000769397
0000773840
0000775215
0000778164
0000779544
0000783325
0000784977
0000785557
0000788611
0000790051
0000793628
0000793952
0000794170
0000796343
0000796505
0000797468
0000797542
0000798287
0000798354
0000798528
0000798783
0000799165
0000799167
0000799292
0000799850
0000800457
0000801337
0000803578
0000804328
0000805928
0000806172
0000806968
0000807863
0000807882
0000811156
0000811809
0000812796
0000812801
0000813672
0000813762
0000814547
0000814585
0000814586
0000814676
0000815097
0000815556
0000816956
0000818033
0000820027
0000820318
0000821189
0000825202
0000826154
0000827052
0000827054
0000827187
0000827876
0000828146
0000829224
0000831259
0000832489
0000832988
0000833040
0000835324
0000840489
0000840715
0000842023
0000844059
0000844965
0000845982
0000846617
0000849146
0000849395
0000849399
0000849869
0000851310
0000858706
0000858877
0000860730
0000860731
0000863894
0000864749
0000865752
0000866273
0000866291
0000866374
0000866439
0000866706
0000866787
0000867840
0000872589
0000873303
0000874396
0000874716
0000874766
0000874866
0000875320
0000875355
0000875657
0000877212
0000878927
0000879101
0000879169
0000879535
0000879585
0000879635
0000880117
0000882095
0000882184
0000882291
0000882508
0000882835
0000883107
0000883241
0000884624
0000884887
0000885307
0000885462
0000885550
0000885725
0000886744
0000886982
0000887151
0000887225
0000887343
0000887733
0000888721
0000888746
0000889348
0000889609
0000890119
0000890394
0000890821
0000891103
0000891166
0000891478
0000891532
0000893847
0000894556
0000895419
0000895456
0000895728
0000896264
0000896878
0000898173
0000898293
0000898437
0000899051
0000899715
0000899923
0000900075
0000901832
0000902791
0000903651
0000906013
0000908311
0000909327
0000909494
0000910406
0000910606
0000912093
0000912562
0000913144
0000913290
0000913341
0000914156
0000915840
0000915913
0000916365
0000916540
0000916618
0000916793
0000917225
0000921582
0000921738
0000922224
0000923601
0000923796
0000924719
0000925528
0000926423
0000927066
0000927628
0000927971
0000928054
0000928658
0000928876
0000930236
0000931148
0000932021
0000932787
0000933974
0000934549
0000936340
0000937556
0000937966
0000940942
0000943452
0000943819
0000944075
0000944809
0000946486
0000946581
0000946936
0000948320
0000948708
0000949858
0001000184
0001000209
0001000230
0001000694
0001000697
0001001085
0001001115
0001001233
0001001316
0001001601
0001001807
0001001907
0001002047
0001002242
0001004980
0001004989
0001005210
0001005229
0001005286
0001006837
0001007587
0001009001
0001009829
0001012019
0001013237
0001013272
0001013488
0001014763
0001015383
0001015739
0001015922
0001016178
0001016838
0001017413
0001018724
0001018963
0001019034
0001022652
0001022671
0001023024
0001023459
0001023549
0001023731
0001023994
0001024305
0001024478
0001025835
0001026662
0001026785
0001026980
0001029199
0001030894
0001032208
0001033767
0001034957
0001035002
0001035092
0001035267
0001035354
0001035983
0001037038
0001037540
0001037868
0001038074
0001040896
0001041061
0001041657
0001041803
0001042046
0001043000
0001043186
0001043277
0001043961
0001045609
0001045742
0001045810
0001046257
0001047127
0001047716
0001047862
0001048477
0001048695
0001048911
0001050446
0001050915
0001052752
0001053507
0001053691
0001055726
0001056358
0001056696
0001056943
0001057861
0001058090
0001058290
0001058307
0001059556
0001060391
0001061069
0001061983
0001062231
0001063761
0001065088
0001065280
0001066119
0001066194
0001066923
0001067294
0001067701
0001067983
0001069183
0001069258
0001069530
0001069533
0001069878
0001070235
0001070680
0001070732
0001070750
0001071236
0001071438
0001071739
0001074540
0001074871
0001075531
0001077428
0001081188
0001081938
0001082324
0001082554
0001083220
0001083743
0001084765
0001086222
0001086745
0001088034
0001089063
0001090009
0001090012
0001090425
0001090727
0001090872
0001091667
0001093557
0001093691
0001094038
0001094972
0001095435
0001096275
0001096752
0001097149
0001097864
0001098972
0001099160
0001099590
0001099800
0001100682
0001101239
0001101302
0001102238
0001102993
0001103838
0001103982
0001104506
0001107421
0001108205
0001108426
0001108524
0001109116
0001109138
0001109354
0001109357
0001110803
0001111485
0001111928
0001113232
0001116132
0001116942
0001117171
0001117297
0001119190
0001119639
0001120370
0001121404
0001121484
0001121788
0001121795
0001123134
0001123360
0001123799
0001124105
0001124198
0001124796
0001126328
0001126741
0001127537
0001128928
0001130166
0001130310
0001130598
0001130713
0001131399
0001132597
0001133416
0001133421
0001133869
0001135951
0001136893
0001137091
0001138723
0001140859
0001141284
0001144215
0001145197
0001145986
0001156039
0001156375
0001157075
0001158449
0001158780
0001162194
0001163165
0001163668
0001163792
0001167419
0001172724
0001173313
0001174169
0001174922
0001175151
0001175454
0001177609
0001178253
0001178670
0001178697
0001179929
0001180262
0001185348
0001187953
0001191070
0001196298
0001199004
0001201792
0001203464
0001211805
0001212545
0001213037
0001213809
0001216583
0001218683
0001219601
0001221029
0001224450
0001227476
0001227636
0001227654
0001227862
0001228509
0001231346
0001232524
0001235912
0001237831
0001253986
0001258623
0001260221
0001261333
0001261654
0001262039
0001262104
0001270436
0001273813
0001274494
0001274737
0001275014
0001275617
0001276187
0001278027
0001280263
0001280452
0001280784
0001281761
0001281895
0001282224
0001283699
0001284812
0001285819
0001286139
0001286681
0001288469
0001288847
0001289460
0001290900
0001291855
0001294133
0001296774
0001297184
0001297996
0001298946
0001301787
0001306550
0001306830
0001307579
0001307954
0001308208
0001308335
0001309108
0001314196
0001314966
0001315098
0001315399
0001317880
0001318008
0001318605
0001321655
0001321834
0001321851
0001323404
0001324404
0001324424
0001326160
0001326190
0001326205
0001326380
0001326706
0001326801
0001327273
0001327567
0001327811
0001328581
0001332283
0001332349
0001333141
0001333274
0001333493
0001333822
0001334978
0001335105
0001338940
0001339005
0001339970
0001341235
0001341766
0001342874
0001342958
0001345016
0001345099
0001346610
0001346830
0001347178
0001347858
0001348362
0001350102
0001351636
0001354866
0001356093
0001359931
0001360565
0001362004
0001362190
0001364954
0001366868
0001367083
0001367644
0001367859
0001369241
0001369290
0001370416
0001370450
0001370637
0001370755
0001371285
0001372514
0001372920
0001373715
0001374310
0001374328
0001375365
0001376321
0001377630
0001378325
0001378701
0001378950
0001379006
0001380106
0001381197
0001381640
0001383312
0001384101
0001385157
0001386301
0001388658
0001389170
0001390777
0001392326
0001392694
0001393052
0001393299
0001393434
0001393818
0001395005
0001395064
0001395942
0001396009
0001396277
0001396536
0001397183
0001397187
0001397911
0001398659
0001398805
0001400438
0001401914
0001402057
0001402328
0001402388
0001403161
0001403568
0001404655
0001407704
0001408443
0001408534
0001409375
0001410428
0001411579
0001411685
0001411690
0001411906
0001412095
0001412126
0001412486
0001413447
0001413855
0001413909
0001414767
0001417663
0001417926
0001418135
0001419041
0001419275
0001419536
0001419554
0001420520
0001420529
0001420720
0001420800
0001422143
0001422892
0001422930
0001423689
0001423869
0001423902
0001425287
0001425292
0001425627
0001426800
0001427925
0001428439
0001429764
0001431852
0001432133
0001433195
0001434316
0001434601
0001435064
0001435181
0001435617
0001436229
0001437107
0001437925
0001437958
0001438231
0001439124
0001441683
0001442145
0001442236
0001442620
0001446159
0001447362
0001450704
0001453687
0001454938
0001455365
0001455863
0001456346
0001459839
0001460329
0001460702
0001462223
0001462418
0001463101
0001463208
0001463972
0001464343
0001464790
0001466026
0001466258
0001467373
0001467623
0001467761
0001467858
0001468327
0001468492
0001468522
0001468929
0001469443
0001470683
0001472091
0001472341
0001472787
0001474098
0001474167
0001474627
0001476150
0001476765
0001476840
0001477049
0001477333
0001477641
0001477845
0001478102
0001478242
0001479419
0001482512
0001482541
0001482981
0001484612
0001484778
0001487197
0001488039
0001490161
0001490349
0001492674
0001493594
0001494259
0001495222
0001495932
0001496383
0001496443
0001497253
0001499422
0001499780
0001500198
0001500217
0001500881
0001501585
0001501697
0001502292
0001503802
0001504379
0001504545
0001504678
0001505155
0001505497
0001505732
0001505952
0001506251
0001506307
0001506492
0001506983
0001507079
0001507605
0001507957
0001509261
0001509470
0001509745
0001512673
0001513525
0001513845
0001514183
0001514416
0001514705
0001515156
0001515671
0001516513
0001516551
0001517022
0001517767
0001519472
0001519751
0001521332
0001521404
0001522540
0001524025
0001526113
0001526125
0001526243
0001527166
0001527352
0001527541
0001527636
0001527702
0001527728
0001527762
0001530721
0001530766
0001530950
0001530979
0001531152
0001531177
0001533743
0001534133
0001534154
0001534248
0001534254
0001534525
0001534708
0001535527
0001535929
0001538379
0001539190
0001539838
0001540159
0001540684
0001541157
0001543151
0001544227
0001546296
0001546383
0001549084
0001549107
0001549346
0001550913
0001551152
0001552033
0001552198
0001552670
0001552797
0001553079
0001553643
0001553846
0001554818
0001554859
0001555280
0001556727
0001556739
0001557798
0001557860
0001558569
0001560258
0001560293
0001560385
0001561032
0001561550
0001561921
0001562733
0001563568
0001563880
0001564408
0001564708
0001565228
0001566044
0001566610
0001567094
0001567900
0001570562
0001571283
0001571996
0001572616
0001574197
0001574235
0001574565
0001575793
0001575965
0001576018
0001576280
0001576789
0001576940
0001576942
0001577552
0001578987
0001579091
0001579157
0001579241
0001579298
0001579428
0001580149
0001580864
0001581091
0001581280
0001583708
0001583771
0001584371
0001584831
0001585521
0001585608
0001585689
0001587987
0001588084
0001589149
0001589526
0001590364
0001590418
0001590560
0001590715
0001590895
0001590955
0001590976
0001591890
0001591956
0001592560
0001594805
0001595097
0001595248
0001595353
0001596532
0001596812
0001597033
0001597672
0001597846
0001598599
0001598646
0001599901
0001600033
0001600620
0001600983
0001601485
0001602409
0001602842
0001603454
0001603978
0001603993
0001604174
0001604191
0001604868
0001606366
0001609139
0001609550
0001610520
0001610590
0001611746
0001611747
0001611983
0001612042
0001612630
0001614744
0001615219
0001616262
0001616533
0001616543
0001616707
0001617553
0001617640
0001617867
0001619544
0001620179
0001620533
0001621221
0001621672
0001621832
0001622148
0001622229
0001623526
0001624326
0001624512
0001625101
0001625278
0001626450
0001627281
0001627282
0001628171
0001628808
0001628908
0001629019
0001630212
0001631487
0001631761
0001632127
0001633917
0001635077
0001635088
0001635327
0001636282
0001636289
0001636422
0001637459
0001638097
0001638287
0001639825
0001639877
0001639920
0001640147
0001640266
0001640384
0001641398
0001641489
0001641631
0001642380
0001642896
0001643918
0001643953
0001644378
0001645460
0001645590
0001646188
0001647639
0001649009
0001649744
0001649989
0001650101
0001650164
0001650729
0001651308
0001651721
0001652044
0001652935
0001653087
0001653482
0001653909
0001654595
0001656081
0001656472
0001657853
0001659617
0001660046
0001660134
0001660280
0001660334
0001661059
0001661181
0001661998
0001665918
0001665988
0001666134
0001666700
0001667011
0001668010
0001668243
0001668397
0001668438
0001671502
0001673481
0001673772
0001674101
0001674440
0001675033
0001675149
0001675644
0001676163
0001677703
0001677940
0001678660
0001679268
0001679628
0001679688
0001679788
0001680048
0001680062
0001680581
0001680873
0001681348
0001681459
0001681682
0001682149
0001682639
0001682852
0001684425
0001684688
0001684693
0001687187
0001687277
0001687451
0001687542
0001688568
0001690080
0001690639
0001690820
0001691221
0001691421
0001692415
0001692819
0001695295
0001697818
0001697851
0001697862
0001698530
0001698990
0001701108
0001701261
0001701541
0001701605
0001701756
0001701963
0001702123
0001702318
0001702780
0001702924
0001703399
0001703647
0001703956
0001704287
0001704711
0001705402
0001706524
0001707303
0001707753
0001707910
0001707925
0001708341
0001708688
0001709442
0001709628
0001709819
0001710350
0001710680
0001711570
0001711754
0001711786
0001712178
0001712184
0001712762
0001713210
0001713334
0001713445
0001713539
0001713683
0001713748
0001713863
0001714562
0001715925
0001716166
0001716338
0001716770
0001716947
0001717115
0001718227
0001718939
0001719406
0001720446
0001720580
0001720893
0001721484
0001722684
0001723069
0001723464
0001723935
0001723980
0001724521
0001725033
0001725123
0001725255
0001725332
0001725430
0001726126
0001726445
0001726711
0001728117
0001728328
0001729173
0001729214
0001730463
0001731348
0001731388
0001733868
0001733998
0001734005
0001734107
0001734750
0001735556
0001736243
0001736297
0001736946
0001737339
0001737523
0001737806
0001737927
0001737995
0001738758
0001738906
0001739104
0001739566
0001739940
0001742341
0001742518
0001743340
0001743725
0001743745
0001743759
0001743905
0001744489
0001746129
0001746466
0001746473
0001747661
0001748137
0001748797
0001749723
0001750106
0001750149
0001750264
0001750284
0001750593
0001751008
0001751788
0001751876
0001752828
0001753162
0001753539
0001753673
0001754068
0001754301
0001754581
0001755058
0001755672
0001755953
0001756180
0001756699
0001757499
0001757715
0001757840
0001758009
0001758530
0001759138
0001759186
0001759425
0001759509
0001759614
0001759783
0001759824
0001760689
0001760854
0001760903
0001762239
0001762303
0001763950
0001765850
0001766140
0001767258
0001767582
0001768267
0001768666
0001769484
0001769731
0001769768
0001770121
0001770787
0001771885
0001771910
0001773383
0001773751
0001774675
0001774857
0001775194
0001775734
0001775898
0001776067
0001776661
0001776909
0001776985
0001777319
0001778114
0001778982
0001779372
0001779476
0001779578
0001780201
0001780652
0001780731
0001780785
0001781162
0001781174
0001781397
0001781446
0001781983
0001782107
0001782223
0001782303
0001783180
0001783398
0001783879
0001784254
0001784970
0001785056
0001785424
0001785530
0001785566
0001785680
0001785971
0001786205
0001787400
0001787518
0001787740
0001787803
0001788028
0001788060
0001788230
0001789192
0001789299
0001789940
0001790169
0001791145
0001791725
0001791863
0001792030
0001792267
0001792789
0001793229
0001793895
0001794783
0001795251
0001796514
0001798562
0001798749
0001799290
0001799788
0001800392
0001800637
0001800667
0001801170
0001801198
0001801661
0001801834
0001802665
0001802768
0001803407
0001804176
0001804469
0001805284
0001805521
0001805594
0001805651
0001805833
0001806524
0001806904
0001806952
0001807120
0001807166
0001807389
0001807794
0001807887
0001808220
0001808377
0001808805
0001808834
0001808898
0001809104
0001809616
0001809691
0001809750
0001810182
0001810560
0001810806
0001811074
0001811216
0001812447
0001812727
0001813783
0001814067
0001814287
0001814963
0001815903
0001816007
0001816172
0001816431
0001816590
0001817004
0001817159
0001817229
0001817358
0001817760
0001818093
0001818274
0001818331
0001818382
0001818644
0001818874
0001819142
0001819253
0001819438
0001819493
0001819516
0001819574
0001819580
0001819796
0001819928
0001820144
0001820190
0001820302
0001820566
0001820875
0001820953
0001821159
0001821175
0001821424
0001821468
0001821769
0001821806
0001822359
0001822966
0001823144
0001823239
0001823587
0001823794
0001823878
0001824293
0001824814
0001824893
0001825024
0001825349
0001825452
0001825875
0001826011
0001826376
0001826397
0001826660
0001826667
0001826889
0001826892
0001827821
0001828098
0001828102
0001828161
0001828185
0001828253
0001828316
0001828673
0001828805
0001829118
0001829635
0001829667
0001829802
0001830072
0001830081
0001830188
0001830503
0001831868
0001831979
0001832038
0001832511
0001833197
0001833769
0001834376
0001834584
0001834622
0001835022
0001835597
0001835632
0001835654
0001835856
0001835963
0001836242
0001836875
0001836981
0001837014
0001837240
0001837493
0001837821
0001838163
0001838359
0001838413
0001838615
0001838716
0001838987
0001839285
0001839341
0001839530
0001839799
0001840199
0001840317
0001840425
0001840439
0001840706
0001840776
0001840856
0001841330
0001841425
0001841761
0001842022
0001842952
0001843165
0001843586
0001843656
0001843724
0001844417
0001844450
0001844452
0001844971
0001845338
0001845437
0001845840
0001846253
0001846715
0001847064
0001847075
0001847345
0001847846
0001847874
0001847986
0001848275
0001849380
0001849635
0001849820
0001851003
0001851484
0001852131
0001852207
0001852440
0001852973
0001853044
0001853070
0001853145
0001854149
0001854270
0001854445
0001854480
0001854572
0001854963
0001855447
0001855467
0001855474
0001855509
0001855557
0001856031
0001856084
0001856725
0001857030
0001857044
0001857086
0001857190
0001857816
0001857853
0001858681
0001858685
0001858724
0001859199
0001859690
0001859795
0001860543
0001860657
0001860871
0001861622
0001861657
0001861737
0001861841
0001862150
0001862463
0001862935
0001863006
0001863127
0001863218
0001863934
0001863990
0001864055
0001864531
0001864943
0001865506
0001866030
0001866501
0001866581
0001866633
0001866816
0001867066
0001867102
0001868275
0001868279
0001868395
0001868419
0001868640
0001869467
0001870144
0001870833
0001871130
0001871321
0001871638
0001871983
0001872090
0001872529
0001873093
0001873529
0001874097
0001874178
0001874252
0001875091
0001875547
0001875558
0001875609
0001876431
0001876766
0001877322
0001877333
0001879248
0001879403
0001879754
0001881551
0001881592
0001883085
0001883437
0001883685
0001884082
0001885408
0001885522
0001885827
0001886190
0001886894
0001887673
0001887944
0001888014
0001888274
0001888525
0001888654
0001889123
0001889823
0001890361
0001891101
0001891856
0001891944
0001892274
0001892292
0001892322
0001892492
0001892500
0001893645
0001894693
0001894954
0001895597
0001896212
0001896425
0001897087
0001897245
0001898496
0001898604
0001898643
0001899005
0001899287
0001901215
0001902733
0001903145
0001903595
0001903995
0001904286
0001904501
0001905511
0001905660
0001906324
0001906364
0001907223
0001908705
0001911545
0001913510
0001913749
0001913847
0001914805
0001916241
0001916416
0001920092
0001920406
0001922097
0001922641
0001924482
0001926792
0001927578
0001928340
0001928446
0001928581
0001928948
0001929561
0001929783
0001930179
0001930510
0001931717
0001932072
0001932737
0001932770
0001933951
0001934245
0001934850
0001935172
0001935418
0001936224
0001936804
0001936817
0001937441
0001937891
0001937987
0001938046
0001938186
0001938534
0001938865
0001939780
0001939965
0001940177
0001940674
0001940941
0001941029
0001941131
0001941158
0001941506
0001941536
0001943289
0001943802
0001943896
0001944048
0001944399
0001944552
0001944712
0001944885
0001944902
0001945415
0001946563
0001946573
0001946703
0001947244
0001948099
0001948294
0001948443
0001948455
0001948697
0001949257
0001951067
0001951089
0001951229
0001951294
0001951667
0001952853
0001953530
0001953984
0001954269
0001954694
0001956166
0001956648
0001956744
0001957001
0001957132
0001957413
0001958133
0001958140
0001958217
0001958399
0001958777
0001959023
0001959455
0001959994
0001963439
0001964314
0001964504
0001964789
0001964946
0001965473
0001966233
0001966678
0001966750
0001967397
0001967621
0001967631
0001967822
0001969401
0001969863
0001969928
0001971828
0001972074
0001973239
0001973832
0001975641
0001976695
0001976908
0001977102
0001978057
0001978527
0001979005
0001979332
0001979414
0001979484
0001979610
0001979887
0001980210
0001980845
0001981535
0001981599
0001981662
0001981792
0001982444
0001982518
0001982708
0001983324
0001983550
0001984086
0001985062
0001985139
0001985273
0001985337
0001986247
0001987240
0001988776
0001988894
0001989930
0001990251
0001990950
0001991261
0001991592
0001991792
0001992243
0001993097
0001993400
0001993463
0001995574
0001995704
0001996810
0001997201
0001997296
0001997403
0001997637
0001998560
0001999297
0001999860
0002000530
0002001557
0002001699
0002001794
0002002045
0002002236
0002002453
0002003061
0002004024
0002004489
0002006986
0002007702
0002007846
0002007855
0002009312
0002010499
0002010788
0002010930
0002011053
0002011208
0002011641
0002012096
0002012383
0002013186
0002013807
0002014254
0002014596
0002015691
0002016337
0002017950
0002018064
0002018222
0002018462
0002018529
0002019793
0002020027
0002020795
0002021688
0002022416
0002024306
0002024656
0002025218
0002026353
0002026514
0002027262
0002027265
0002027360
0002028293
0002029138
0002030522
0002030763
0002030834
0002030954
0002031009
0002032545
0002032755
0002033515
0002033770
0002034520
0002035149
0002035697
0002036307
0002039060
0002040491
0002041338
0002044255
0002053456
0002055116
